-----OpenSourceQuad-----

Date: Mar 20 2014
Time: 19:08:20
Software version: 0.85
Flight Number: 1046
Runtime data: 


6929924,0.00,0.23
6943600,0.00,0.27
6954356,0.00,0.27
6965056,0.00,0.27
6975808,-0.00,-1.75
6986684,-0.00,-1.75
6997516,-0.00,-1.75
7008436,-0.00,-1.75
7019320,-0.01,-6.19
7030208,-0.02,-6.19
7041088,-0.03,-6.19
7052096,-0.04,0.20
7062892,-0.05,0.20
7073720,-0.07,0.20
7084560,-0.09,0.20
7095388,-0.11,1.86
7105660,-0.14,1.86
7116012,-0.16,1.86
7126368,-0.19,1.86
7136712,-0.22,-0.05
7150364,-0.25,-0.05
7160796,-0.29,-0.05
7171128,-0.32,-0.97
7181480,-0.36,-0.97
7191888,-0.39,-0.97
7202244,-0.43,-0.97
7212556,-0.46,3.39
7222888,-0.49,3.39
7233240,-0.52,3.39
7243532,-0.54,2.64
7253816,-0.56,2.64
7264092,-0.57,2.64
7274360,-0.58,2.64
7284684,-0.59,-1.05
7295036,-0.59,-1.05
7305380,-0.58,-1.05
7315700,-0.57,-1.05
7326056,-0.56,1.47
7336392,-0.53,1.47
7346692,-0.51,1.47
7356972,-0.47,1.47
7367276,-0.44,-1.08
7377652,-0.39,-1.08
7387992,-0.35,-1.08
7398244,-0.30,-1.22
7411908,-0.25,-1.15
7422284,-0.20,-1.15
7432620,-0.14,-1.15
7442996,-0.09,-3.95
7453324,-0.04,-3.95
7463648,0.01,-3.95
7473852,0.05,-3.95
7484164,0.10,4.70
7494456,0.14,4.70
7504732,0.18,4.70
7514976,0.21,2.01
7525212,0.25,2.01
7535460,0.28,2.01
7545648,0.30,2.01
7555928,0.32,-2.11
7566232,0.34,-2.11
7576472,0.35,-2.11
7586824,0.36,-2.11
7597144,0.37,2.68
7607360,0.37,2.68
7617656,0.37,2.68
7627896,0.37,2.68
7638176,0.36,-3.07
7648572,0.36,-3.07
7658860,0.35,-3.07
7672464,0.35,1.30
7682696,0.34,1.30
7693468,0.33,1.30
7704168,0.32,1.30
7714900,0.31,-0.73
7725676,0.30,-0.73
7736472,0.28,-0.73
7747208,0.27,0.62
7757420,0.26,0.62
7767660,0.25,0.62
7777900,0.24,0.62
7788132,0.23,2.82
7798404,0.22,2.82
7808652,0.21,2.82
7818884,0.20,2.82
7829120,0.20,3.74
7839372,0.20,3.74
7849616,0.20,3.74
7859816,0.20,3.74
7870056,0.21,0.13
7880248,0.22,0.13
7890544,0.24,0.13
7900732,0.26,0.13
7911016,0.28,-3.78
7921320,0.30,-3.78
7931612,0.33,-3.78
7941952,0.36,0.76
7955516,0.39,0.76
7965760,0.42,0.76
7975968,0.45,0.76
7986268,0.48,-7.22
7996544,0.51,-7.22
8006912,0.53,-7.22
8017260,0.55,-7.22
8027496,0.58,5.87
8037800,0.59,5.87
8048000,0.60,5.87
8058308,0.60,-2.22
8068620,0.60,-2.22
8078912,0.59,-2.22
8089192,0.58,-2.22
8099468,0.57,2.82
8109720,0.54,2.82
8120036,0.51,2.82
8130336,0.48,2.82
8140604,0.44,-3.07
8150872,0.40,-3.07
8161120,0.36,-3.07
8171452,0.31,-3.07
8181768,0.26,-4.84
8192060,0.20,-4.84
8202328,0.15,-4.84
8212568,0.09,0.13
8226184,0.03,0.13
8236488,-0.04,0.13
8246792,-0.10,0.13
8257076,-0.16,-1.26
8267396,-0.23,-1.26
8277788,-0.29,-1.26
8288112,-0.36,-1.26
8298420,-0.43,-4.66
8308784,-0.50,-4.66
8319140,-0.57,-4.66
8329536,-0.64,-0.73
8339908,-0.71,-0.73
8350256,-0.78,-0.73
8360584,-0.85,-0.73
8370948,-0.92,-2.78
8381332,-0.99,-2.78
8391696,-1.06,-2.78
8402044,-1.12,-2.78
8412452,-1.19,-1.47
8422780,-1.25,-1.47
8433196,-1.32,-1.47
8443532,-1.38,-1.47
8453920,-1.44,1.12
8464156,-1.49,1.12
8474476,-1.55,1.12
8488064,-1.60,-1.47
8498412,-1.64,-1.47
8508772,-1.68,-1.47
8519072,-1.72,-1.47
8529856,-1.76,-0.02
8540724,-1.79,-0.02
8551516,-1.81,-0.02
8562340,-1.84,-3.92
8573248,-1.85,-3.92
8584124,-1.86,-3.92
8594904,-1.87,-3.92
8605792,-1.88,0.55
8616576,-1.88,0.55
8627348,-1.87,0.55
8638080,-1.87,-3.63
8649028,-1.86,-3.63
8659824,-1.84,-3.63
8670684,-1.83,-3.63
8681572,-1.82,-4.81
8692416,-1.80,-4.81
8702740,-1.79,-4.81
8713120,-1.78,-4.81
8723512,-1.77,-4.06
8733820,-1.76,-4.06
8747428,-1.76,-4.06
8757836,-1.75,-0.09
8768136,-1.75,-0.09
8778504,-1.75,-0.09
8788888,-1.76,-0.09
8799228,-1.77,-3.95
8809536,-1.78,-3.95
8819884,-1.80,-3.95
8830276,-1.82,-3.95
8840612,-1.85,-2.15
8850896,-1.88,-2.15
8861312,-1.91,-2.15
8871648,-1.94,0.59
8881976,-1.97,0.59
8892316,-2.01,0.59
8902620,-2.04,0.59
8912888,-2.08,-2.57
8923292,-2.12,-2.57
8933700,-2.15,-2.57
8944032,-2.18,-2.57
8954308,-2.21,-0.69
8964656,-2.24,-0.69
8974952,-2.27,-0.69
8985308,-2.29,-0.69
8995676,-2.31,-0.12
9009368,-2.33,-0.12
9019768,-2.33,-0.12
9030168,-2.34,-0.19
9040488,-2.34,-0.19
9050872,-2.33,-0.19
9061208,-2.32,-0.19
9071580,-2.30,0.27
9081868,-2.28,0.27
9092132,-2.25,0.27
9102400,-2.22,0.27
9112648,-2.19,-5.48
9123056,-2.14,-5.48
9133420,-2.10,-5.48
9143816,-2.05,-0.97
9154180,-2.00,-0.97
9164480,-1.95,-0.97
9174748,-1.89,-0.97
9185016,-1.84,-5.09
9195268,-1.78,-5.09
9205592,-1.73,-5.09
9215852,-1.68,-5.09
9226236,-1.63,-1.72
9236608,-1.58,-1.72
9246952,-1.54,-1.72
9257484,-1.50,1.83
9271124,-1.47,1.86
9281468,-1.43,1.86
9291836,-1.40,1.86
9302172,-1.38,0.27
9312416,-1.36,0.27
9322796,-1.34,0.27
9333100,-1.32,0.27
9343396,-1.31,1.15
9353676,-1.30,1.15
9364188,-1.29,1.15
9374476,-1.27,4.74
9384704,-1.26,4.74
9394936,-1.24,4.74
9405276,-1.22,4.74
9415608,-1.20,-1.05
9425988,-1.17,-1.05
9436352,-1.14,-1.05
9446720,-1.10,-1.05
9457064,-1.07,-4.59
9467372,-1.03,-4.59
9477672,-0.98,-4.59
9488040,-0.94,-4.59
9498432,-0.89,-8.25
9508776,-0.85,-8.25
9519128,-0.80,-8.25
9532796,-0.75,-4.24
9543144,-0.72,-4.24
9553476,-0.68,-4.24
9563788,-0.65,-4.24
9574108,-0.62,2.82
9584380,-0.60,2.82
9594708,-0.59,2.82
9605052,-0.58,2.82
9615376,-0.58,-1.36
9625692,-0.59,-1.36
9636012,-0.60,-1.36
9646400,-0.61,6.58
9656700,-0.64,6.58
9666988,-0.67,6.58
9677220,-0.69,6.58
9687560,-0.74,-13.53
9697952,-0.77,-13.53
9708296,-0.82,-13.53
9718680,-0.87,-13.53
9729088,-0.91,-2.68
9739424,-0.97,-2.68
9749760,-1.03,-2.68
9760124,-1.08,-2.68
9770500,-1.14,-1.72
9784156,-1.20,-1.72
9794576,-1.26,-1.72
9804960,-1.31,3.89
9815260,-1.37,3.89
9825608,-1.43,3.89
9835948,-1.49,3.89
9846276,-1.56,-3.63
9856608,-1.62,-3.63
9866996,-1.68,-3.63
9877348,-1.74,-5.76
9887652,-1.80,-5.76
9897928,-1.85,-5.76
9908332,-1.91,-5.76
9918624,-1.97,-8.96
9929028,-2.03,-8.96
9939396,-2.08,-8.96
9949752,-2.14,-8.96
9960068,-2.19,-1.61
9970364,-2.25,-1.61
9980660,-2.30,-1.61
9991524,-2.35,-1.61
10002444,-2.40,3.53
10013188,-2.46,3.53
10024008,-2.51,3.53
10034908,-2.56,-4.81
10049032,-2.61,-4.81
10059868,-2.67,-4.81
10070800,-2.72,-4.81
10081696,-2.77,1.47
10092028,-2.81,1.47
10102408,-2.86,1.47
10112820,-2.91,-7.96
10123152,-2.94,-7.96
10133584,-2.98,-7.96
10143960,-3.01,-7.96
10154408,-3.03,7.47
10164788,-3.06,7.47
10175160,-3.07,7.47
10185524,-3.08,7.47
10195836,-3.08,-0.73
10206264,-3.07,-0.73
10216568,-3.05,-0.73
10226916,-3.03,-6.12
10237308,-3.01,-6.12
10247724,-2.97,-6.12
10258168,-2.94,-6.12
10268568,-2.89,-5.48
10278980,-2.85,-5.48
10292680,-2.80,-5.48
10303016,-2.75,-5.48
10313400,-2.68,3.39
10323696,-2.62,3.39
10333972,-2.55,3.39
10344340,-2.49,-1.54
10354684,-2.42,-1.54
10365100,-2.35,-1.54
10375520,-2.29,-1.54
10385936,-2.22,3.64
10396292,-2.15,3.64
10406620,-2.09,3.64
10416956,-2.02,3.64
10427344,-1.96,-2.61
10437688,-1.89,-2.61
10448104,-1.82,-2.61
10458468,-1.76,-1.61
10468912,-1.69,-1.65
10479348,-1.63,-1.65
10489748,-1.57,-1.65
10500112,-1.50,-0.97
10510416,-1.44,-0.97
10520756,-1.38,-0.97
10531168,-1.32,-0.97
10544896,-1.26,-2.00
10555280,-1.20,-2.00
10565584,-1.15,-2.00
10575992,-1.09,-1.05
10586412,-1.04,-1.05
10596808,-0.99,-1.05
10607152,-0.95,-1.05
10617476,-0.91,1.19
10627824,-0.87,1.19
10638196,-0.83,1.19
10648600,-0.80,1.19
10658976,-0.77,0.91
10669272,-0.74,0.91
10679652,-0.71,0.91
10689992,-0.69,0.91
10700816,-0.67,-2.15
10711612,-0.65,-2.15
10722424,-0.63,-2.15
10733224,-0.62,-6.65
10744124,-0.61,-6.65
10754996,-0.60,-6.65
10765804,-0.60,-6.65
10776700,-0.59,0.91
10787484,-0.60,0.91
10801604,-0.60,0.91
10812368,-0.61,-2.54
10823204,-0.62,-2.54
10834088,-0.64,-2.54
10844892,-0.65,-2.54
10855784,-0.68,0.30
10866580,-0.70,0.30
10877360,-0.73,0.30
10887728,-0.77,-0.73
10898160,-0.80,-0.73
10908516,-0.84,-0.73
10918872,-0.88,-0.73
10929248,-0.92,2.47
10939584,-0.96,2.47
10949984,-1.00,2.47
10960268,-1.04,2.47
10970568,-1.08,-0.51
10980968,-1.11,-0.51
10991296,-1.14,-0.51
11001692,-1.17,-0.48
11012032,-1.20,-0.48
11022392,-1.21,-0.48
11032700,-1.23,-0.48
11046344,-1.24,-0.69
11056748,-1.24,-0.69
11067168,-1.24,-0.69
11077488,-1.23,-0.69
11088324,-1.22,-5.23
11099168,-1.21,-5.23
11110024,-1.19,-5.23
11120968,-1.17,3.78
11131824,-1.14,3.78
11142664,-1.11,3.78
11153564,-1.08,3.78
11164296,-1.05,-7.86
11174676,-1.02,-7.86
11185092,-0.99,-7.86
11195440,-0.96,-5.27
11205852,-0.93,-5.27
11216228,-0.91,-5.27
11226640,-0.89,-5.27
11237024,-0.88,-4.59
11247448,-0.87,-4.59
11257796,-0.87,-4.59
11268156,-0.87,-4.59
11278496,-0.88,0.59
11288892,-0.90,0.59
11302560,-0.92,0.59
11312924,-0.96,-5.09
11323256,-1.00,-5.09
11333672,-1.05,-5.09
11344056,-1.11,-5.09
11354472,-1.16,5.52
11364836,-1.23,5.52
11375240,-1.30,5.52
11385592,-1.37,5.52
11395956,-1.45,-1.61
11406400,-1.52,-1.61
11416800,-1.59,-1.61
11427176,-1.66,-5.05
11437584,-1.74,-5.05
11448028,-1.81,-5.05
11458420,-1.88,-5.05
11468820,-1.94,-7.82
11479740,-2.01,-7.82
11490628,-2.07,-7.82
11501520,-2.13,-7.82
11511936,-2.17,2.64
11522344,-2.22,2.64
11532648,-2.27,2.64
11543004,-2.31,2.64
11556700,-2.35,-6.65
11567028,-2.38,-6.65
11577472,-2.42,-6.65
11587928,-2.44,0.73
11598208,-2.47,0.73
11608560,-2.50,0.73
11618928,-2.52,0.73
11629312,-2.55,-5.12
11639748,-2.56,-5.12
11650176,-2.58,-5.12
11660612,-2.59,1.93
11670944,-2.60,1.93
11681344,-2.61,1.93
11691772,-2.61,1.93
11702064,-2.61,-5.69
11712460,-2.61,-5.69
11722876,-2.60,-5.69
11733300,-2.60,-5.69
11743612,-2.58,6.19
11753956,-2.56,6.19
11764320,-2.54,6.19
11774684,-2.51,6.19
11785056,-2.48,1.40
11798712,-2.44,1.40
11809124,-2.39,1.40
11819476,-2.35,-4.95
11829892,-2.29,-4.95
11840284,-2.24,-4.95
11850600,-2.18,-4.95
11861040,-2.11,-1.79
11871404,-2.04,-1.79
11881792,-1.97,-1.79
11892228,-1.90,-6.83
11902652,-1.83,-6.83
11913008,-1.76,-6.83
11923400,-1.69,-6.83
11934272,-1.61,-0.41
11945144,-1.55,-0.41
11955960,-1.49,-0.41
11966820,-1.43,-0.41
11977224,-1.38,3.14
11987604,-1.33,3.14
11998008,-1.29,3.14
12008296,-1.25,2.01
12018716,-1.21,2.01
12029016,-1.18,2.01
12039340,-1.15,2.01
12053048,-1.14,-7.71
12063416,-1.12,-7.71
12073776,-1.11,-7.71
12084116,-1.11,-7.71
12094528,-1.10,0.94
12104824,-1.10,0.94
12115088,-1.11,0.94
12125464,-1.11,-2.78
12135784,-1.12,-2.78
12146116,-1.13,-2.78
12156548,-1.14,-2.78
12166928,-1.16,-2.96
12177360,-1.18,-2.96
12187820,-1.20,-2.96
12198228,-1.23,-2.96
12208588,-1.26,-4.27
12218944,-1.29,-4.27
12229816,-1.33,-4.27
12240704,-1.36,3.60
12251556,-1.40,3.60
12262396,-1.43,3.60
12272712,-1.47,3.60
12283100,-1.51,-4.31
12293496,-1.55,-4.31
12307188,-1.59,-4.31
12317532,-1.63,-4.31
12327988,-1.67,-4.59
12338344,-1.71,-4.59
12348776,-1.75,-4.59
12359216,-1.79,-7.86
12369660,-1.83,-7.86
12380048,-1.87,-7.86
12390476,-1.92,-7.86
12400920,-1.96,-3.14
12411304,-2.00,-3.14
12421632,-2.05,-3.14
12432092,-2.10,-3.14
12442444,-2.15,-5.34
12452860,-2.21,-5.34
12463276,-2.27,-5.34
12473708,-2.33,-8.60
12484048,-2.40,-8.60
12494436,-2.48,-8.60
12504840,-2.56,-8.60
12515180,-2.63,11.83
12525624,-2.71,11.83
12536116,-2.79,11.83
12549764,-2.86,11.83
12560184,-2.93,3.07
12570516,-2.99,3.07
12580872,-3.05,3.07
12591168,-3.10,9.31
12601508,-3.14,9.31
12611904,-3.16,9.31
12622244,-3.16,9.31
12632640,-3.16,1.54
12643052,-3.13,1.54
12653336,-3.08,1.54
12663700,-3.02,1.54
12674092,-2.93,1.47
12684456,-2.82,1.47
12694888,-2.70,1.47
12705236,-2.55,1.47
12715588,-2.38,4.56
12725900,-2.19,4.56
12736320,-1.98,4.56
12746700,-1.77,-1.83
12757048,-1.53,-1.83
12767472,-1.29,-1.83
12777864,-1.04,-1.83
12788244,-0.78,-0.19
12801980,-0.52,-0.19
12812364,-0.26,-0.19
12822728,0.00,0.16
12833016,0.26,0.16
12843368,0.52,0.16
12853600,0.76,0.16
12863848,0.99,-4.66
12874180,1.21,-4.66
12884576,1.42,-4.66
12894944,1.61,-4.66
12905324,1.79,1.30
12915636,1.94,1.30
12925944,2.07,1.30
12936256,2.19,1.30
12946592,2.28,-5.34
12956988,2.35,-5.34
12967276,2.40,-5.34
12977604,2.43,-1.93
12987996,2.43,-1.93
12998284,2.41,-1.93
13008660,2.37,-1.93
13018940,2.32,2.36
13029212,2.24,2.36
13039516,2.15,2.36
13049816,2.04,2.36
13063504,1.91,-3.35
13073860,1.78,-3.35
13084264,1.63,-3.35
13094592,1.47,0.52
13104948,1.31,0.52
13115220,1.13,0.52
13125560,0.96,0.52
13135924,0.78,0.98
13146236,0.60,0.98
13156476,0.42,0.98
13166804,0.25,0.98
13177132,0.08,-2.89
13187492,-0.09,-2.89
13197784,-0.25,-2.89
13208168,-0.41,-2.89
13218536,-0.55,-0.73
13228952,-0.69,-0.73
13239364,-0.82,-0.73
13249720,-0.94,2.29
13260136,-1.05,2.29
13270440,-1.15,2.29
13280772,-1.23,2.29
13291144,-1.31,-1.97
13301596,-1.37,-1.97
13315308,-1.43,-1.97
13325668,-1.47,1.15
13336020,-1.50,1.15
13346404,-1.52,1.15
13356764,-1.53,1.15
13367048,-1.53,-0.02
13377468,-1.52,-0.02
13387832,-1.50,-0.02
13398212,-1.47,-0.02
13408632,-1.43,2.15
13419012,-1.39,2.15
13429404,-1.33,2.15
13439804,-1.27,2.15
13450172,-1.21,-4.98
13460996,-1.14,-4.98
13471816,-1.07,-4.98
13482748,-0.99,0.13
13493572,-0.91,0.13
13503948,-0.83,0.13
13514312,-0.75,0.13
13524700,-0.67,2.43
13534988,-0.59,2.43
13545340,-0.51,2.43
13555676,-0.43,2.43
13569344,-0.36,-2.43
13579784,-0.28,-2.43
13590236,-0.21,-2.43
13600572,-0.14,1.79
13610904,-0.08,1.79
13621280,-0.02,1.79
13631648,0.03,1.79
13641892,0.09,-0.41
13652284,0.13,-0.41
13662624,0.18,-0.41
13672928,0.22,-0.41
13683300,0.25,-5.02
13693692,0.28,-5.02
13703956,0.30,-5.02
13714284,0.32,1.05
13724600,0.33,1.05
13734908,0.34,1.05
13745244,0.34,1.05
13755544,0.34,-1.51
13765908,0.34,-1.51
13776224,0.33,-1.51
13786592,0.31,-1.51
13796964,0.29,-3.03
13807256,0.26,-3.03
13817624,0.23,-3.03
13831324,0.19,-2.07
13841688,0.15,-2.07
13852004,0.10,-2.07
13862248,0.05,-2.07
13872620,-0.01,-3.63
13882984,-0.07,-3.63
13893344,-0.13,-3.63
13903712,-0.20,-3.63
13914152,-0.28,-3.28
13924536,-0.35,-3.28
13934948,-0.44,-3.28
13945308,-0.53,-7.11
13955688,-0.62,-7.11
13966076,-0.71,-7.11
13976408,-0.81,-7.11
13986832,-0.91,2.43
13997124,-1.02,2.43
14007428,-1.12,2.43
14017772,-1.23,2.43
14028200,-1.34,0.09
14038572,-1.44,0.09
14048988,-1.55,0.09
14059264,-1.65,0.09
14069628,-1.76,-2.18
14083348,-1.85,-2.18
14093768,-1.95,-2.18
14104176,-2.04,-0.02
14114620,-2.12,-0.02
14124924,-2.20,-0.02
14135368,-2.26,-0.02
14145700,-2.32,-1.19
14156604,-2.37,-1.19
14167496,-2.41,-1.19
14177924,-2.45,-2.54
14188276,-2.47,-2.54
14198672,-2.49,-2.54
14209072,-2.49,-2.54
14219540,-2.49,1.12
14229852,-2.48,1.12
14240260,-2.46,1.12
14250560,-2.43,1.12
14260956,-2.39,0.76
14271324,-2.35,0.76
14281672,-2.30,0.76
14291996,-2.24,0.76
14302372,-2.18,-1.01
14312772,-2.11,-1.01
14326540,-2.04,-1.01
14336932,-1.96,1.01
14347196,-1.88,1.01
14357516,-1.79,1.01
14367900,-1.70,1.01
14378308,-1.61,2.29
14388676,-1.51,2.29
14398980,-1.41,2.29
14409348,-1.31,2.29
14420196,-1.21,-2.82
14431124,-1.10,-2.82
14442028,-1.00,-2.82
14452924,-0.90,-2.32
14463360,-0.80,-2.32
14473776,-0.70,-2.32
14484196,-0.61,-2.32
14494568,-0.51,0.52
14504816,-0.43,0.52
14515100,-0.34,0.52
14525376,-0.26,0.52
14535756,-0.19,1.12
14546096,-0.11,1.12
14556480,-0.05,1.12
14566856,0.00,-7.50
14580492,0.05,-7.50
14590812,0.09,-7.50
14601112,0.12,-7.50
14611484,0.13,-7.08
14621852,0.14,-7.08
14632116,0.13,-7.08
14642500,0.12,-2.78
14652872,0.09,-2.78
14663236,0.06,-2.78
14673596,0.01,-2.78
14683956,-0.05,-3.42
14694324,-0.12,-3.42
14704692,-0.21,-3.42
14715004,-0.30,-3.42
14725360,-0.41,-4.77
14735780,-0.52,-4.77
14746192,-0.65,-4.77
14756604,-0.79,-4.77
14767004,-0.92,4.35
14777408,-1.07,4.35
14787756,-1.22,4.35
14798148,-1.37,-0.48
14809012,-1.52,-0.48
14819844,-1.66,-0.48
14834020,-1.81,-0.48
14844860,-1.95,1.72
14855232,-2.09,1.72
14865576,-2.22,1.72
14875976,-2.34,-0.34
14886404,-2.44,-0.34
14896792,-2.54,-0.34
14907196,-2.63,-0.34
14917576,-2.70,0.05
14927952,-2.76,0.05
14938272,-2.80,0.05
14948536,-2.83,0.05
14958916,-2.84,2.68
14969288,-2.83,2.68
14979584,-2.81,2.68
14989880,-2.78,2.68
15000168,-2.74,-5.20
15010560,-2.68,-5.20
15021448,-2.61,-5.20
15032360,-2.52,-0.58
15043224,-2.43,-0.58
15054148,-2.33,-0.58
15064580,-2.22,-0.58
15074924,-2.11,-4.17
15088700,-1.99,-4.17
15099068,-1.87,-4.17
15109496,-1.75,-5.37
15119928,-1.63,-5.37
15130368,-1.52,-5.37
15140804,-1.41,-5.37
15151228,-1.30,-0.12
15161640,-1.20,-0.12
15171948,-1.11,-0.12
15182272,-1.02,-0.12
15192708,-0.94,-0.97
15203060,-0.87,-0.97
15213460,-0.82,-0.97
15223872,-0.77,-5.59
15234268,-0.74,-5.59
15244708,-0.72,-5.59
15255084,-0.71,-5.59
15265412,-0.70,-1.33
15275836,-0.71,-1.33
15286268,-0.73,-1.33
15296680,-0.76,-1.33
15307116,-0.80,4.06
15317452,-0.84,4.06
15331124,-0.89,4.06
15341932,-0.95,-5.48
15352868,-1.01,-5.48
15363724,-1.07,-5.48
15374096,-1.14,-5.48
15384504,-1.22,-4.63
15394940,-1.30,-4.63
15405384,-1.38,-4.63
15415720,-1.46,-4.63
15426152,-1.54,-1.61
15436560,-1.62,-1.61
15446932,-1.70,-1.61
15457272,-1.78,-3.74
15467676,-1.86,-3.74
15478076,-1.94,-3.74
15488484,-2.02,-3.74
15498904,-2.10,-2.82
15509360,-2.18,-2.82
15519808,-2.25,-2.82
15530232,-2.32,-2.82
15540624,-2.40,-3.56
15550996,-2.46,-3.56
15561476,-2.53,-3.56
15571832,-2.60,-3.56
15585520,-2.66,-2.18
15595948,-2.72,-2.18
15606336,-2.77,-2.18
15616776,-2.83,-5.12
15627196,-2.88,-5.12
15637588,-2.93,-5.12
15647980,-2.98,-5.12
15658348,-3.02,-2.04
15668672,-3.06,-2.04
15679552,-3.10,-2.04
15690344,-3.14,-3.10
15701276,-3.17,-3.10
15712156,-3.20,-3.10
15723028,-3.23,-3.10
15733928,-3.25,-1.65
15744820,-3.27,-1.65
15755652,-3.29,-1.65
15766544,-3.31,-5.27
15777348,-3.33,-5.27
15788216,-3.34,-5.27
15799040,-3.35,-5.27
15809920,-3.36,-3.14
15820832,-3.37,-3.14
15835064,-3.38,-3.14
15845988,-3.38,-3.24
15856400,-3.39,-3.24
15866776,-3.39,-3.24
15877188,-3.39,-3.24
15887524,-3.39,-1.79
15897920,-3.39,-1.79
15908232,-3.39,-1.79
15918644,-3.38,-1.79
15929084,-3.38,-4.24
15939516,-3.38,-4.24
15949948,-3.37,-4.24
15960396,-3.36,0.34
15970724,-3.36,0.34
15981044,-3.35,0.34
15991368,-3.33,0.34
16001788,-3.32,-3.92
16012220,-3.30,-3.92
16022588,-3.29,-3.92
16032944,-3.27,-3.92
16043332,-3.25,-1.54
16053696,-3.23,-1.54
16064132,-3.20,-1.54
16077768,-3.18,-2.43
16088224,-3.15,-2.43
16098632,-3.12,-2.43
16109028,-3.08,-2.43
16119400,-3.05,-2.93
16129844,-3.01,-2.93
16140156,-2.98,-2.93
16150480,-2.94,-2.93
16160832,-2.91,-4.13
16171296,-2.87,-4.13
16181720,-2.84,-4.13
16192132,-2.79,4.45
16202524,-2.76,4.45
16212864,-2.72,4.45
16223196,-2.67,4.45
16233520,-2.64,-4.98
16243992,-2.59,-4.98
16254920,-2.55,-4.98
16265736,-2.51,-4.98
16276644,-2.46,3.74
16287492,-2.41,3.74
16297836,-2.37,3.74
16308244,-2.32,-3.56
16318620,-2.27,-3.56
16332288,-2.22,-3.56
16342688,-2.17,-3.56
16353120,-2.11,-0.97
16363544,-2.06,-0.97
16373856,-2.00,-0.97
16384252,-1.95,-0.97
16394664,-1.89,-0.66
16405048,-1.84,-0.66
16415364,-1.78,-0.66
16425752,-1.72,4.45
16436072,-1.66,4.45
16446476,-1.60,4.45
16456872,-1.54,4.45
16467272,-1.49,-4.52
16477604,-1.42,-4.52
16488036,-1.37,-4.52
16498460,-1.31,-4.52
16508832,-1.25,-1.26
16519256,-1.20,-1.26
16530108,-1.14,-1.26
16541048,-1.09,-4.98
16551968,-1.04,-4.98
16562824,-0.99,-4.98
16577040,-0.95,-4.98
16587484,-0.91,-2.29
16597860,-0.88,-2.29
16608212,-0.85,-2.29
16618624,-0.82,2.36
16628904,-0.81,2.36
16639268,-0.79,2.36
16649576,-0.78,2.36
16659924,-0.78,-3.74
16670312,-0.78,-3.74
16680724,-0.78,-3.74
16691140,-0.80,-3.74
16701564,-0.81,0.37
16711904,-0.83,0.37
16722264,-0.86,0.37
16732540,-0.89,0.37
16742856,-0.92,-3.35
16753188,-0.95,-3.35
16763612,-0.98,-3.35
16774004,-1.02,-4.42
16784408,-1.06,-4.42
16794816,-1.10,-4.42
16805236,-1.15,-4.42
16815628,-1.19,1.05
16829800,-1.23,1.05
16840664,-1.28,1.05
16851428,-1.32,1.26
16862312,-1.36,1.26
16873180,-1.40,1.26
16883492,-1.44,1.26
16893804,-1.48,-0.23
16904208,-1.51,-0.23
16914588,-1.54,-0.23
16924960,-1.57,-0.23
16935332,-1.60,-8.39
16945768,-1.62,-8.39
16956124,-1.65,-8.39
16966524,-1.67,-8.39
16976948,-1.69,-2.22
16987296,-1.71,-2.22
16997732,-1.73,-2.22
17008072,-1.74,-1.90
17018472,-1.76,-1.90
17028884,-1.77,-1.90
17039284,-1.79,-1.90
17049664,-1.81,-5.16
17060000,-1.82,-5.16
17070444,-1.85,-5.16
17084220,-1.87,-4.34
17094596,-1.90,-4.34
17105020,-1.93,-4.34
17115480,-1.97,-4.34
17125892,-2.01,-7.15
17136268,-2.05,-7.15
17146720,-2.10,-7.15
17157060,-2.16,-7.15
17167436,-2.22,-7.82
17177924,-2.29,-7.82
17188360,-2.36,-7.82
17198736,-2.44,-7.82
17209144,-2.52,-6.12
17219592,-2.62,-6.12
17229988,-2.72,-6.12
17240392,-2.82,-1.36
17250756,-2.93,-1.36
17261688,-3.04,-1.36
17272456,-3.16,-1.36
17283396,-3.28,-4.27
17293784,-3.40,-4.27
17304160,-3.53,-4.27
17314560,-3.65,-4.27
17328268,-3.78,-3.60
17338676,-3.90,-3.60
17348984,-4.02,-3.60
17359364,-4.14,-4.49
17369836,-4.25,-4.49
17380156,-4.36,-4.49
17390584,-4.46,-4.49
17400992,-4.56,-2.71
17411400,-4.65,-2.71
17421772,-4.73,-2.71
17432172,-4.79,3.14
17442524,-4.85,3.14
17452820,-4.90,3.14
17463128,-4.93,3.14
17473412,-4.95,2.22
17483836,-4.96,2.22
17494200,-4.95,2.22
17504584,-4.93,2.22
17514892,-4.90,-0.05
17525224,-4.84,-0.05
17535588,-4.78,-0.05
17545984,-4.69,-0.05
17556284,-4.60,-1.15
17566624,-4.49,-1.15
17580388,-4.36,-1.15
17590696,-4.23,-6.83
17601084,-4.08,-6.83
17611492,-3.93,-6.83
17621816,-3.76,-6.83
17632156,-3.59,-2.29
17642556,-3.42,-2.29
17652928,-3.24,-2.29
17663360,-3.06,-2.29
17673704,-2.89,-7.68
17684104,-2.72,-7.68
17694476,-2.55,-7.68
17704880,-2.39,-1.36
17715292,-2.24,-1.36
17725616,-2.10,-1.36
17736028,-1.97,-1.36
17746392,-1.86,-12.04
17756812,-1.76,-12.04
17767196,-1.67,-12.04
17777608,-1.61,-12.04
17788064,-1.55,0.37
17798496,-1.53,0.37
17808840,-1.51,0.37
17822548,-1.52,-5.12
17832888,-1.53,-5.12
17843280,-1.57,-5.12
17853664,-1.62,-5.12
17864032,-1.68,-1.44
17874332,-1.76,-1.44
17884708,-1.86,-1.44
17895100,-1.96,-1.44
17905564,-2.07,-4.45
17915964,-2.20,-4.45
17926384,-2.32,-4.45
17936740,-2.46,-9.67
17947084,-2.61,-9.67
17957468,-2.75,-9.67
17967876,-2.91,-9.67
17978204,-3.06,-2.39
17988624,-3.21,-2.39
17998960,-3.36,-2.39
18009396,-3.51,-2.39
18019752,-3.66,-1.29
18030208,-3.80,-1.29
18040656,-3.94,-1.29
18051016,-4.06,1.54
18064740,-4.19,1.54
18075108,-4.30,1.54
18085428,-4.40,1.54
18095768,-4.50,-5.76
18106112,-4.58,-5.76
18116448,-4.65,-5.76
18126908,-4.72,-5.76
18137336,-4.76,-2.07
18147704,-4.80,-2.07
18158048,-4.82,-2.07
18168452,-4.84,-3.14
18178872,-4.83,-3.14
18189240,-4.82,-3.14
18199632,-4.80,-3.14
18209952,-4.76,-3.56
18220356,-4.72,-3.56
18230792,-4.66,-3.56
18241244,-4.60,-3.56
18251612,-4.52,7.47
18261944,-4.44,7.47
18272316,-4.34,7.47
18282660,-4.24,7.47
18292976,-4.14,-8.18
18303356,-4.02,-8.18
18317044,-3.91,-8.18
18327396,-3.78,-3.24
18337828,-3.66,-3.24
18348224,-3.53,-3.24
18358608,-3.41,-3.24
18368976,-3.28,-5.69
18379368,-3.15,-5.69
18389776,-3.02,-5.69
18400100,-2.89,-1.19
18410440,-2.77,-1.19
18420800,-2.65,-1.19
18431132,-2.53,-1.19
18441572,-2.42,3.00
18451904,-2.31,3.00
18462220,-2.21,3.00
18472556,-2.12,3.00
18482948,-2.03,-4.45
18493336,-1.95,-4.45
18503712,-1.87,-4.45
18514084,-1.80,-4.45
18525020,-1.75,-5.12
18535816,-1.69,-5.12
18546728,-1.65,-5.12
18560452,-1.61,-2.25
18570900,-1.58,-2.25
18581308,-1.55,-2.25
18591672,-1.53,-2.25
18602044,-1.52,-6.47
18612380,-1.52,-6.47
18622764,-1.52,-6.47
18633160,-1.53,-4.31
18643512,-1.55,-4.31
18653920,-1.58,-4.31
18664292,-1.61,-4.31
18674644,-1.66,-3.17
18685028,-1.70,-3.17
18695412,-1.76,-3.17
18705784,-1.82,-3.17
18716096,-1.89,0.62
18726404,-1.96,0.62
18736780,-2.03,0.62
18747192,-2.11,0.62
18757556,-2.20,-11.30
18768000,-2.28,-11.30
18778488,-2.37,-11.30
18788864,-2.46,0.48
18802516,-2.55,0.48
18812856,-2.65,0.48
18823228,-2.73,0.48
18833532,-2.82,-3.03
18843972,-2.90,-3.03
18854256,-2.99,-3.03
18864640,-3.06,0.76
18875008,-3.13,0.76
18885308,-3.20,0.76
18895676,-3.26,0.76
18906464,-3.31,-2.25
18917324,-3.36,-2.25
